12
16
0 77.1429 104 79 lionn.bmp
1 77.1429 317 81 leopard1.bmp
2 84.2857 520 74 guepard1.bmp
3 71.4286 718 90 hyene1.bmp
4 81.4286 97 296 buffle1.bmp
5 100 265 293 gnou1.bmp
6 81.4286 429 295 phacochere1.bmp
7 3 601 291 zebre1.bmp
8 85.7143 773 288 gazelle1.bmp
9 25.7143 733 464 babouin1.bmp
10 80 104 451 hippotame1.bmp
11 25.7143 403 540 vegetaux1.bmp
0 4 0 80
1 5 0 94
2 6 0 33
3 7 0 98
4 8 0 77
5 6 3 64
6 8 3 73
7 11 10 53
8 11 4 94
9 11 5 74
10 11 6 84
11 11 7 85
12 11 9 94
13 8 2 100
14 8 1 100
15 7 9 78
